objectid,fipst,fipco,jurname,Shape__Area,Shape__Length
1,06,001,Alameda,0.00611639618637128,0.371385484870315
2,06,001,Albany,0.00144973647184088,0.219033967486472
3,06,055,American Canyon,0.00163133413934702,0.275069073297285
4,06,013,Antioch,0.00800011861520034,0.606457046139568
5,06,081,Atherton,0.00133515225206793,0.249419795588921
6,06,081,Belmont,0.00122543060069802,0.227750661414971
7,06,041,Belvedere,0.000638306627024576,0.112735306203408
8,06,095,Benicia,0.00417468434898183,0.334349228105143
9,06,001,Berkeley,0.00469387897555862,0.395001938890404
10,06,013,Brentwood,0.00394412584500969,0.440468956184709
11,06,081,Brisbane,0.00531159428464889,0.400960376052928
12,06,081,Burlingame,0.00160008475495488,0.278657589735233
13,06,055,Calistoga,0.000694819928867219,0.153960355639569
14,06,085,Campbell,0.00160629747551866,0.349654461049676
15,06,013,Clayton,0.00101944987591196,0.173370206997513
16,06,097,Cloverdale,0.00082154775827803,0.256019990231723
17,06,081,Colma,0.000503434981055761,0.120043626470091
18,06,013,Concord,0.00811458094040063,0.576581709209885
19,06,041,Corte Madera,0.00116918208823336,0.198068870217196
20,06,097,Cotati,0.000502510490605346,0.183992081339353
21,06,085,Cupertino,0.00297818269109484,0.505560214107269
22,06,081,Daly City,0.00202143109845565,0.472507551029691
23,06,013,Danville,0.00479031870327162,0.487385167590517
24,06,095,Dixon,0.00193071128069278,0.367582718846599
25,06,001,Dublin,0.00403038401782396,0.402683324301561
26,06,081,East Palo Alto,0.000695404648922704,0.14998973759686
27,06,013,El Cerrito,0.00097044939366242,0.163657464390948
28,06,001,Emeryville,0.000588026024615829,0.137506026921411
29,06,041,Fairfax,0.000585303796924563,0.203468255407493
30,06,095,Fairfield,0.0110060986921781,1.26332472113865
31,06,081,Foster City,0.0052415007126001,0.416136510013438
32,06,001,Fremont,0.023129881449222,1.1475960289654
33,06,085,Gilroy,0.00432211973793528,0.583691860936697
34,06,081,Half Moon Bay,0.00169968086083827,0.336492943416208
35,06,001,Hayward,0.0168719636594687,1.2651887061415
36,06,097,Healdsburg,0.00119589479891147,0.331796292996508
37,06,013,Hercules,0.00531169118630714,0.45398448618894
38,06,081,Hillsborough,0.00163483840151457,0.265297396009356
39,06,013,Lafayette,0.0040353794265684,0.443861720016986
40,06,041,Larkspur,0.000860824629398849,0.252991170535065
41,06,001,Livermore,0.00715018791015609,0.896966158345165
42,06,085,Los Altos,0.00170731099206023,0.333949176039393
43,06,085,Los Altos Hills,0.0023540111433249,0.341198234072324
44,06,085,Los Gatos,0.00302276616685049,0.880762251213104
45,06,013,Martinez,0.00362219682665454,0.615666739918566
46,06,081,Menlo Park,0.00459252910241048,0.667781918486338
47,06,081,Millbrae,0.000862207707541529,0.167805149164934
48,06,041,Mill Valley,0.00128621080330049,0.262718947890677
49,06,085,Milpitas,0.00361008724394196,0.496790623314833
50,06,085,Monte Sereno,0.000426938437612989,0.201186820151056
51,06,013,Moraga,0.0025115438506873,0.31283736934062
52,06,085,Morgan Hill,0.00335366487115607,0.858873674233997
53,06,085,Mountain View,0.00323348114898181,0.489269005303536
54,06,055,Napa,0.00487299948872533,1.01865246791306
55,06,001,Newark,0.00366884850336646,0.301075417599599
56,06,041,Novato,0.00743735334071971,0.91710707687453
57,06,001,Oakland,0.020628510559618,1.27282010155517
58,06,013,Oakley,0.00429475649434607,0.398915903792712
59,06,013,Orinda,0.00341318840628446,0.390487286116756
60,06,081,Pacifica,0.00334722734760362,0.387000035610738
61,06,085,Palo Alto,0.00679289611571221,0.942884499590253
62,06,097,Petaluma,0.00386193406166058,0.568118786974508
63,06,001,Piedmont,0.000450477063168364,0.101705826862229
64,06,013,Pinole,0.00312458902408252,0.460365250456847
65,06,013,Pittsburg,0.00515751747525428,0.573616697380245
66,06,013,Pleasant Hill,0.00187858411482011,0.329974445101828
67,06,001,Pleasanton,0.0064253988011842,0.809436342587178
68,06,081,Portola Valley,0.00239732202453524,0.257967892443171
69,06,081,Redwood City,0.00915236104810901,0.791362326784485
70,06,013,Richmond,0.0139416818842619,1.39058934601427
71,06,095,Rio Vista,0.00187447759890347,0.271335379499319
72,06,097,Rohnert Park,0.00187059417703495,0.303937185234233
73,06,041,Ross,0.000413241657952312,0.117554303110674
74,06,055,Saint Helena,0.00135903637556112,0.256318779854954
75,06,041,San Anselmo,0.000711058210981719,0.184611033478009
76,06,081,San Bruno,0.00144711918665053,0.240326408697745
77,06,081,San Carlos,0.00145516184738881,0.302416552733983
78,06,075,San Francisco,0.0614078929716015,1.64534988991952
79,06,085,San Jose,0.0474437798984582,4.48029595710215
80,06,001,San Leandro,0.00411061086970221,0.343287176873143
81,06,081,San Mateo,0.00419499052304673,0.466739704072678
82,06,013,San Pablo,0.00069825577611482,0.164541476570773
83,06,041,San Rafael,0.00598045185643059,0.787475151725791
84,06,013,San Ramon,0.00495775704985135,0.559650966108521
85,06,085,Santa Clara,0.00484700047991282,0.461127042261773
86,06,097,Santa Rosa,0.011410716168939,1.93357512204191
87,06,085,Saratoga,0.00335913138951582,0.313457007147502
88,06,041,Sausalito,0.000598473264290078,0.114112172125282
89,06,097,Sebastopol,0.000496853166623623,0.197544052465304
90,06,097,Sonoma,0.000731731398445845,0.203219398998973
91,06,081,South San Francisco,0.00798519112959184,0.692774409258898
92,06,095,Suisun City,0.00110970157629708,0.275369059115375
93,06,085,Sunnyvale,0.00597995066436852,0.543250442837027
94,06,041,Tiburon,0.00350586443437351,0.557614595276901
95,06,001,Union City,0.00512664317830058,0.553831945566058
96,06,095,Vacaville,0.00786262028441342,0.808148937351703
97,06,095,Vallejo,0.0131859172925033,1.02086751711334
98,06,013,Walnut Creek,0.00524488422388458,0.941629670268995
99,06,097,Windsor,0.00195171808400119,0.440935309282049
100,06,081,Woodside,0.00309269852687066,0.467626194525291
101,06,055,Yountville,0.000397991243517026,0.145937139556363
102,06,097,Unincorporated Sonoma,0.450189848623722,8.2215653517064
103,06,041,Unincorporated Marin,0.196997715393991,5.24707025429213
104,06,055,Unincorporated Napa,0.201983539544472,4.6350056450407
105,06,095,Unincorporated Solano,0.200467099939033,6.19095079023324
106,06,013,Unincorporated Contra Costa,0.128361365759702,8.1854493073451
107,06,085,Unincorporated Santa Clara,0.247906552198856,9.95991594556892
108,06,001,Unincorporated Alameda,0.112671225142549,4.50427413373955
109,06,081,Unincorporated San Mateo,0.135583971077722,4.65236119913081
